Kera;12;1809.56;75.40;7238.23
Silinder;12;12;1809.56;904.78;5428.67
Silinder;12;12;1809.56;904.78;5428.67
Kera;12;1809.56;75.40;7238.23
Silinder;2;2;50.27;25.13;25.13
Kera;2;50.27;12.57;33.51
Kera;2;50.27;12.57;33.51
Silinder;45;6;14419.91;1696.46;38170.35
Kera;2;50.27;12.57;33.51
Silinder;3;4;131.95;75.40;113.10
Kera;3;113.10;18.85;113.10
Silinder;4;5;226.19;125.66;251.33
Kera;5;314.16;31.42;523.60
Silinder;6;8;527.79;301.59;904.78
Kera;1;12.57;6.28;4.19
Silinder;3;4;131.95;75.40;113.10
Silinder;3;4;131.95;75.40;113.10
